date	dosen_kumulativ	dosen_biontech_kumulativ	dosen_biontech_erst_kumulativ	dosen_biontech_zweit_kumulativ	dosen_moderna_kumulativ	dosen_moderna_erst_kumulativ	dosen_moderna_zweit_kumulativ	dosen_astra_kumulativ	dosen_astra_erst_kumulativ	dosen_astra_zweit_kumulativ	dosen_johnson_kumulativ	dosen_erst_kumulativ	dosen_zweit_kumulativ	dosen_differenz_zum_vortag	dosen_erst_differenz_zum_vortag	dosen_zweit_differenz_zum_vortag	personen_erst_kumulativ	personen_voll_kumulativ	impf_quote_erst	impf_quote_voll	dosen_dim_kumulativ	dosen_kbv_kumulativ	indikation_alter_dosen	indikation_beruf_dosen	indikation_medizinisch_dosen	indikation_pflegeheim_dosen	indikation_alter_erst	indikation_beruf_erst	indikation_medizinisch_erst	indikation_pflegeheim_erst	indikation_alter_voll	indikation_beruf_voll	indikation_medizinisch_voll	indikation_pflegeheim_voll
2020-12-27	24086	24084	24071	13	2	2	0	0	0	0	0	24073	13	24086	24073	13	24073	13	0.0002894547555211123	1.5631254192557885e-7	0	0	0	0	0	0	0	0	0	0	0	0	0	0
2020-12-28	42076	42074	41900	174	2	2	0	0	0	0	0	41902	174	17990	17829	161	41902	174	0.0005038313947512004	0.00000209218325346544	0	0	0	0	0	0	0	0	0	0	0	0	0	0
2020-12-29	92078	92075	91167	908	2	2	0	1	1	0	0	91170	908	50002	49268	734	91170	908	0.0010962318805657712	0.000010917829851417354	0	0	0	0	0	0	0	0	0	0	0	0	0	0
2020-12-30	155571	155568	154522	1046	2	2	0	1	1	0	0	154525	1046	63493	63355	138	154525	1046	0.0018580150416192362	0.000012577147604165806	0	0	0	0	0	0	0	0	0	0	0	0	0	0
2020-12-31	205262	205259	204124	1135	2	2	0	1	1	0	0	204127	1135	49691	49602	89	204127	1135	0.0024544315573571257	0.000013647287314271692	0	0	0	0	0	0	0	0	0	0	0	0	0	0
2021-01-01	230612	230601	229458	1143	7	7	0	4	3	1	0	229468	1144	25350	25341	9	229468	1144	0.0027591327977368255	0.000013755503689450938	0	0	0	0	0	0	0	0	0	0	0	0	0	0
2021-01-02	278555	278544	277115	1429	7	7	0	4	3	1	0	277125	1430	47943	47657	286	277125	1430	0.003332162552394311	0.000017194379611813675	0	0	0	0	0	0	0	0	0	0	0	0	0	0
2021-01-03	300966	300953	299519	1434	9	9	0	4	3	1	0	299531	1435	22411	22406	5	299531	1435	0.003601573230423889	0.00001725449982024659	0	0	0	0	0	0	0	0	0	0	0	0	0	0
2021-01-04	346808	346794	345264	1530	10	10	0	4	3	1	0	345277	1531	45842	45746	96	345277	1531	0.004151625041418315	0.000018408807822158556	0	0	0	0	0	0	0	0	0	0	0	0	0	0
2021-01-05	399039	399024	397156	1868	11	11	0	4	3	1	0	397170	1869	52231	51893	338	397170	1869	0.0047755886366601654	0.000022472933912223605	0	0	0	0	0	0	0	0	0	0	0	0	0	0
2021-01-06	461543	461519	459559	1960	17	17	0	7	5	2	0	459581	1962	62504	62411	93	459581	1962	0.005526021102361497	0.000023591169789075823	0	0	0	0	0	0	0	0	0	0	0	0	0	0
2021-01-07	516122	516091	514110	1981	21	21	0	9	7	2	1	514139	1983	54579	54558	21	514139	1984	0.006182028768698091	0.00002385569870618065	0	0	0	0	0	0	0	0	0	0	0	0	0	0
2021-01-08	578339	578256	576167	2089	72	72	0	10	8	2	1	576248	2091	62217	62109	108	576248	2092	0.006928829973810074	0.000025154295208331613	0	0	0	0	0	0	0	0	0	0	0	0	0	0
2021-01-09	638341	638254	636018	2236	75	75	0	11	8	3	1	636102	2239	60002	59854	148	636102	2240	0.0076485169649188126	0.000026933853377945896	0	0	0	0	0	0	0	0	0	0	0	0	0	0
2021-01-10	674070	673975	671591	2384	83	82	1	11	8	3	1	671682	2388	35729	35580	149	671682	2389	0.008076332368127435	0.00002872543558924676	0	0	0	0	0	0	0	0	0	0	0	0	0	0
2021-01-11	741880	741769	739289	2480	97	90	7	13	10	3	1	739390	2490	67810	67708	102	739390	2491	0.008890456182642595	0.000029951887841278224	0	0	0	0	0	0	0	0	0	0	0	0	0	0
2021-01-12	820425	820298	817754	2544	112	105	7	14	10	4	1	817870	2555	78545	78480	65	817870	2556	0.009834102974205628	0.00003073345055090612	0	0	0	0	0	0	0	0	0	0	0	0	0	0
2021-01-13	931643	930348	927603	2745	1280	1273	7	14	10	4	1	928887	2756	111218	111017	201	928887	2757	0.011168976010125013	0.0000331502829299093	0	0	0	0	0	0	0	0	0	0	0	0	0	0
2021-01-14	1015214	1008771	1005848	2923	6428	6377	51	14	10	4	1	1012236	2978	83571	83349	222	1012236	2979	0.012171167860660017	0.00003581962018433072	0	0	0	0	0	0	0	0	0	0	0	0	0	0
2021-01-15	1106195	1094481	1090712	3769	11694	11643	51	19	15	4	1	1102371	3824	90981	90135	846	1102371	3825	0.013254954858080176	0.00004599195945117993	0	0	0	0	0	0	0	0	0	0	0	0	0	0
2021-01-16	1163664	1150270	1145496	4774	13373	13322	51	20	16	4	1	1158835	4829	57469	56464	1005	1158835	4830	0.013933880347871398	0.00005807612134619584	0	0	0	0	0	0	0	0	0	0	0	0	0	0
2021-01-17	1211004	1196347	1174662	21685	14634	14583	51	21	17	4	2	1189264	21740	47340	30429	16911	1189264	21742	0.014299759912352432	0.00026142671434968735	0	0	0	0	0	0	0	0	0	0	0	0	0	0
2021-01-18	1293214	1274415	1237147	37268	18775	18722	53	22	18	4	2	1255889	37325	82210	66625	15585	1255889	37327	0.015100861689721023	0.00044882140403508324	0	0	0	0	0	0	0	0	0	0	0	0	0	0
2021-01-19	1412237	1389762	1316477	73285	22442	22384	58	31	27	4	2	1338890	73347	119023	83001	36022	1338890	73349	0.016098869173749097	0.0008819514336691756	0	0	0	0	0	0	0	0	0	0	0	0	0	0
2021-01-20	1543673	1518454	1391789	126665	25183	25125	58	34	30	4	2	1416946	126727	131436	78056	53380	1416946	126729	0.01703741777163702	0.0015237947788989757	0	0	0	0	0	0	0	0	0	0	0	0	0	0
2021-01-21	1648508	1620548	1453144	167404	27923	27864	59	35	30	5	2	1481040	167468	104835	64094	40741	1481040	167470	0.01780808669949687	0.0020136662612520533	0	0	0	0	0	0	0	0	0	0	0	0	0	0
2021-01-22	1749895	1719742	1519175	200567	30108	30044	64	43	38	5	2	1549259	200636	101387	68219	33168	1549259	200638	0.018628354799313875	0.002412479675912638	0	0	0	0	0	0	0	0	0	0	0	0	0	0
2021-01-23	1836236	1805727	1559301	246426	30461	30396	65	46	41	5	2	1589740	246496	86341	40481	45860	1589740	246498	0.01911510003082844	0.0029639022276593337	0	0	0	0	0	0	0	0	0	0	0	0	0	0
2021-01-24	1883360	1852649	1584632	268017	30659	30594	65	50	45	5	2	1615273	268087	47124	25533	21591	1615273	268089	0.019422109887211964	0.003223513311714347	0	0	0	0	0	0	0	0	0	0	0	0	0	0
2021-01-25	1974116	1941986	1635680	306306	32075	32007	68	53	48	5	2	1667737	306379	90756	52464	38292	1667737	306381	0.020052939210256852	0.0036839379159769826	0	0	0	0	0	0	0	0	0	0	0	0	0	0
2021-01-26	2071548	2037977	1684960	353017	33509	33436	73	60	55	5	2	1718453	353095	97432	50716	46716	1718453	353097	0.020662750508433598	0.004245653047407393	0	0	0	0	0	0	0	0	0	0	0	0	0	0
2021-01-27	2180559	2145193	1734046	411147	35295	35210	85	68	63	5	3	1769322	411237	109011	50869	58142	1769322	411240	0.021274401484988388	0.0049447669031903885	0	0	0	0	0	0	0	0	0	0	0	0	0	0
2021-01-28	2273026	2236029	1779096	456933	36923	36750	173	71	66	5	3	1815915	457111	92467	46593	45874	1815915	457114	0.021834637659291348	0.0054963577915206965	0	0	0	0	0	0	0	0	0	0	0	0	0	0
2021-01-29	2380755	2342271	1827603	514668	38403	38229	174	78	73	5	3	1865908	514847	107729	49993	57736	1865908	514850	0.022435755575328693	0.006190577862337252	0	0	0	0	0	0	0	0	0	0	0	0	0	0
2021-01-30	2468748	2429382	1861114	568268	39283	39107	176	80	74	6	3	1900298	568450	87993	34390	53603	1900298	568453	0.02284926236893028	0.00683510256886316	0	0	0	0	0	0	0	0	0	0	0	0	0	0
2021-01-31	2525548	2485801	1886513	599288	39659	39475	184	85	78	7	3	1926069	599479	56800	25771	31029	1926069	599482	0.02315913394723521	0.0072081965583561435	0	0	0	0	0	0	0	0	0	0	0	0	0	0
2021-02-01	2644960	2602954	1942232	660722	41867	41681	186	136	129	7	3	1984045	660915	119412	57976	61436	1984045	660918	0.023856239788056545	0.007946905583413056	0	0	0	0	0	0	0	0	0	0	0	0	0	0
2021-02-02	2777172	2732091	2004217	727874	44929	44742	187	149	142	7	3	2049104	728068	132212	65059	67153	2049104	728071	0.024638511916143947	0.008754356054792163	0	0	0	0	0	0	0	0	0	0	0	0	0	0
2021-02-03	2939098	2887664	2062108	825556	51256	51063	193	175	168	7	3	2113342	825756	161926	64238	97688	2113342	825759	0.025410912306006665	0.009928960639071081	0	0	0	0	0	0	0	0	0	0	0	0	0	0
2021-02-04	3072982	3015711	2118070	897641	57088	56892	196	180	173	7	3	2175138	897844	133884	61796	72088	2175138	897847	0.02615394998607075	0.010795749756173477	0	0	0	0	0	0	0	0	0	0	0	0	0	0
2021-02-05	3219739	3156012	2180711	975301	63536	63206	330	188	180	8	3	2244100	975639	146757	68962	77795	2244100	975642	0.026983151948860886	0.0117311600791812	0	0	0	0	0	0	0	0	0	0	0	0	0	0
2021-02-06	3313407	3247053	2223524	1023529	66162	65832	330	189	181	8	3	2289540	1023867	93668	45440	48228	2289540	1023870	0.027529524403099217	0.012311055561641724	0	0	0	0	0	0	0	0	0	0	0	0	0	0
2021-02-07	3366713	3298030	2249456	1048574	68488	68157	331	191	183	8	4	2317800	1048913	53306	28260	25046	2317800	1048917	0.027869323821162053	0.012612221733765569	0	0	0	0	0	0	0	0	0	0	0	0	0	0
2021-02-08	3475572	3403037	2298435	1104602	72310	71977	333	220	212	8	5	2370629	1104943	108859	52829	56030	2370629	1104948	0.028504541919422543	0.0132859408135065	0	0	0	0	0	0	0	0	0	0	0	0	0	0
2021-02-09	3609555	3533473	2355289	1178184	75744	75221	523	333	325	8	5	2430840	1178715	133983	60211	73772	2430840	1178720	0.029228521493413394	0.0141729784168091	0	0	0	0	0	0	0	0	0	0	0	0	0	0
2021-02-10	3763958	3675305	2421000	1254305	79979	78475	1504	8669	8649	20	5	2508129	1255829	154403	77289	77114	2508129	1255834	0.030157847651327705	0.01510020036742826	0	0	0	0	0	0	0	0	0	0	0	0	0	0
2021-02-11	3907689	3795454	2475709	1319745	87242	82708	4534	24986	24952	34	7	2583376	1324313	143731	75247	68484	2583376	1324320	0.031062620716118015	0.015923678886375584	0	0	0	0	0	0	0	0	0	0	0	0	0	0
2021-02-12	4062806	3927020	2536759	1390261	96540	87280	9260	39236	38879	357	10	2662928	1399878	155117	79552	75565	2662928	1399888	0.03201915728036907	0.016832311668547286	0	0	0	0	0	0	0	0	0	0	0	0	0	0
2021-02-13	4170125	4017733	2583636	1434097	99797	88992	10805	52584	52220	364	11	2724859	1445266	107319	61931	45388	2724859	1445277	0.032763818206060835	0.017378070896659603	0	0	0	0	0	0	0	0	0	0	0	0	0	0
2021-02-14	4235291	4073182	2614634	1458548	102271	90262	12009	59826	59441	385	12	2764349	1470942	65166	39490	25676	2764349	1470954	0.033238647612264	0.017686812215045995	0	0	0	0	0	0	0	0	0	0	0	0	0	0
2021-02-15	4360526	4177691	2666502	1511189	107538	92534	15004	75284	74880	404	13	2833929	1526597	125235	69580	55655	2833929	1526610	0.03407528043281644	0.018356022279154456	0	0	0	0	0	0	0	0	0	0	0	0	0	0
2021-02-16	4494487	4285908	2721951	1563957	113689	95259	18430	94876	94460	416	14	2911684	1582803	133961	77755	56206	2911684	1582817	0.035010209794156706	0.019031857590232227	0	0	0	0	0	0	0	0	0	0	0	0	0	0
2021-02-17	4645171	4407838	2790793	1617045	121687	100072	21615	115631	115202	429	15	3006082	1639089	150684	94398	56286	3006082	1639104	0.036145255281286766	0.019708654824644924	0	0	0	0	0	0	0	0	0	0	0	0	0	0
2021-02-18	4789367	4519962	2853476	1666486	129910	104754	25156	139475	139042	433	20	3097292	1692075	144196	91210	52986	3097292	1692095	0.03724196812352	0.020345820817658643	0	0	0	0	0	0	0	0	0	0	0	0	0	0
2021-02-19	4947662	4640873	2921937	1718936	139871	111705	28166	166897	166358	539	21	3200021	1747641	158295	102729	55566	3200021	1747662	0.038477185901940984	0.021013960742057	0	0	0	0	0	0	0	0	0	0	0	0	0	0
2021-02-20	5059717	4727265	2972515	1754750	144335	115737	28598	188095	187546	549	22	3275820	1783897	112055	75799	36256	3275820	1783919	0.03938859623774229	0.021449916421487438	0	0	0	0	0	0	0	0	0	0	0	0	0	0
2021-02-21	5145479	4793770	3010808	1782962	147976	119219	28757	203710	203155	555	23	3333205	1812274	85762	57385	28377	3333205	1812297	0.040078595869926854	0.02179113467646929	0	0	0	0	0	0	0	0	0	0	0	0	0	0
2021-02-22	5300699	4916432	3077568	1838864	156918	126393	30525	227325	226758	567	24	3430743	1869956	155220	97538	57682	3430743	1869980	0.04125139684795278	0.022484717473076458	0	0	0	0	0	0	0	0	0	0	0	0	0	0
2021-02-23	5470536	5050206	3152557	1897649	164127	131943	32184	256178	255600	578	25	3540125	1930411	169837	109382	60455	3540125	1930436	0.042566610575714606	0.023211642937280518	0	0	0	0	0	0	0	0	0	0	0	0	0	0
2021-02-24	5646217	5181630	3226547	1955083	171737	137868	33869	292824	292228	596	26	3656669	1989548	175681	116544	59137	3656669	1989574	0.04396794049003573	0.023922720714541663	0	0	0	0	0	0	0	0	0	0	0	0	0	0
2021-02-25	5835132	5312938	3300470	2012468	178495	143097	35398	343673	343064	609	26	3786657	2048475	188915	129988	58927	3786657	2048501	0.04553092162079128	0.02463126141900694	0	0	0	0	0	0	0	0	0	0	0	0	0	0
2021-02-26	6047543	5453699	3376065	2077634	187328	150314	37014	406490	405809	681	26	3932214	2115329	212411	145557	66854	3932214	2115355	0.04728110505656524	0.025435116701921757	0	0	0	0	0	0	0	0	0	0	0	0	0	0
2021-02-27	6195255	5546347	3429569	2116778	191410	153664	37746	457472	456783	689	26	4040042	2155213	147712	107828	39884	4040042	2155239	0.04857763342354611	0.025914683580549432	0	0	0	0	0	0	0	0	0	0	0	0	0	0
2021-02-28	6298087	5607623	3467161	2140462	195365	157266	38099	495072	494364	708	27	4118818	2179269	102832	78776	24056	4118818	2179296	0.04952483933144837	0.02620394595140356	0	0	0	0	0	0	0	0	0	0	0	0	0	0
2021-03-01	6496253	5737841	3549562	2188279	204987	164867	40120	553398	552674	724	27	4267130	2229123	198166	148312	49854	4267130	2229150	0.05130814900206887	0.02680339252564647	0	0	0	0	0	0	0	0	0	0	0	0	0	0
2021-03-02	6715191	5877969	3640493	2237476	214981	171987	42994	622214	621468	746	27	4433975	2281216	218938	166845	52093	4433975	2281243	0.053314300237266805	0.02742976092922564	0	0	0	0	0	0	0	0	0	0	0	0	0	0
2021-03-03	6962210	6035692	3733650	2302042	229929	181060	48869	696562	695763	799	27	4610500	2351710	247019	176525	70494	4610500	2351737	0.05543684419599087	0.02827738372387962	0	0	0	0	0	0	0	0	0	0	0	0	0	0
2021-03-04	7206980	6176874	3817448	2359426	244394	190133	54261	785685	784848	837	27	4792456	2414524	244770	181956	62814	4792456	2414551	0.057624690725114766	0.02903266187838064	0	0	0	0	0	0	0	0	0	0	0	0	0	0
2021-03-05	7481187	6324761	3904375	2420386	257758	197538	60220	898640	897756	884	28	4999697	2481490	274207	207241	66966	4999697	2481518	0.06011656514828391	0.029837875878006046	0	0	0	0	0	0	0	0	0	0	0	0	0	0
2021-03-06	7682849	6433986	3967201	2466785	266195	203739	62456	982640	981735	905	28	5152703	2530146	201662	153006	48656	5152703	2530174	0.06195631567058123	0.030422917650308426	0	0	0	0	0	0	0	0	0	0	0	0	0	0
2021-03-07	7830381	6513722	4015814	2497908	272849	208057	64792	1043782	1042856	926	28	5266755	2563626	147532	114052	33480	5266755	2563654	0.06332768167301939	0.030825482565975226	0	0	0	0	0	0	0	0	0	0	0	0	0	0
2021-03-08	8067803	6647626	4101544	2546082	283805	215650	68155	1136344	1135377	967	28	5452599	2615204	237422	185844	51578	5452599	2615232	0.06556227767622072	0.031445658588085804	0	0	0	0	0	0	0	0	0	0	0	0	0	0
2021-03-09	8320001	6787720	4190380	2597340	296587	224960	71627	1235666	1234634	1032	28	5650002	2669999	252198	197403	54795	5650002	2670027	0.06793585957727725	0.03210451595230212	0	0	0	0	0	0	0	0	0	0	0	0	0	0
2021-03-10	8608380	6946815	4286061	2660754	308765	233579	75186	1352771	1351686	1085	29	5871355	2737025	288379	221353	67026	5871355	2737054	0.07059741727672747	0.03291045139442871	0	0	0	0	0	0	0	0	0	0	0	0	0	0
2021-03-11	8892541	7094408	4377169	2717239	322482	242949	79533	1475622	1474480	1142	29	6094627	2797914	284161	223272	60889	6094627	2797943	0.07328204911217422	0.033642583268683066	0	0	0	0	0	0	0	0	0	0	0	0	0	0
2021-03-12	9218726	7245984	4462694	2783290	339775	255649	84126	1632938	1631595	1343	29	6349967	2868759	326185	255340	70845	6349967	2868788	0.07635226791642633	0.03449442650196904	0	0	0	0	0	0	0	0	0	0	0	0	0	0
2021-03-13	9459277	7361993	4529889	2832104	349342	263876	85466	1747913	1746458	1455	29	6540252	2919025	240551	190285	50266	6540252	2919054	0.07864026268875776	0.03509882698138682	0	0	0	0	0	0	0	0	0	0	0	0	0	0
2021-03-14	9629255	7450052	4583267	2866785	354854	268413	86441	1824320	1822844	1476	29	6674553	2954702	169978	134301	35677	6674553	2954731	0.08025510351130755	0.03552780871663904	0	0	0	0	0	0	0	0	0	0	0	0	0	0
2021-03-15	9876889	7602860	4678658	2924202	367535	279395	88140	1906465	1904897	1568	29	6862979	3013910	247634	188426	59208	6862979	3013939	0.08252074559014363	0.036239728176818246	0	0	0	0	0	0	0	0	0	0	0	0	0	0
2021-03-16	10055765	7769469	4779561	2989908	378785	288160	90625	1907482	1905910	1572	29	6973660	3082105	178876	110681	68195	6973660	3082134	0.08385157854805632	0.03705970769963477	0	0	0	0	0	0	0	0	0	0	0	0	0	0
2021-03-17	10260772	7955741	4889697	3066044	396775	301344	95431	1908227	1906650	1577	29	7097720	3163052	205007	124060	80947	7097720	3163081	0.0853432811596938	0.038033017802038604	0	0	0	0	0	0	0	0	0	0	0	0	0	0
2021-03-18	10454278	8129925	4993519	3136406	414939	314309	100630	1909385	1907807	1578	29	7215664	3238614	193506	117944	75562	7215664	3238643	0.08676144473237615	0.03894157843996019	0	0	0	0	0	0	0	0	0	0	0	0	0	0
2021-03-19	10699211	8315508	5101730	3213778	435725	328290	107435	1947949	1946314	1635	29	7376363	3322848	244933	160699	84234	7376363	3322877	0.08869369620736836	0.03995441156738782	0	0	0	0	0	0	0	0	0	0	0	0	0	0
2021-03-20	10919357	8450849	5187666	3263183	451013	339746	111267	2017466	2015801	1665	29	7543242	3376115	220146	166879	53267	7543242	3376144	0.09070025625998364	0.04059489619590704	0	0	0	0	0	0	0	0	0	0	0	0	0	0
2021-03-21	11083843	8553023	5254924	3298099	460210	345699	114511	2070581	2068890	1691	29	7669542	3414301	164486	126300	38186	7669542	3414330	0.09221889272499907	0.041054046251750895	0	0	0	0	0	0	0	0	0	0	0	0	0	0
2021-03-22	11353045	8719466	5352412	3367054	484019	362109	121910	2149531	2147787	1744	29	7862337	3490708	269202	192795	76407	7862337	3490737	0.09453706784196383	0.04197276720489764	0	0	0	0	0	0	0	0	0	0	0	0	0	0
2021-03-23	11653992	8901149	5455094	3446055	503750	376867	126883	2249064	2247263	1801	29	8079253	3574739	300947	216916	84031	8079253	3574768	0.09714527486845068	0.042983159451862894	0	0	0	0	0	0	0	0	0	0	0	0	0	0
2021-03-24	11993190	9101457	5571209	3530248	536779	404589	132190	2354925	2353051	1874	29	8328878	3664312	339198	249625	89573	8328878	3664341	0.10014677627446394	0.044060188937855196	0	0	0	0	0	0	0	0	0	0	0	0	0	0
2021-03-25	12325806	9286947	5681233	3605714	564436	426678	137758	2474394	2472409	1985	29	8580349	3745457	332616	251471	81145	8580349	3745486	0.10317047406143066	0.04503587980051297	0	0	0	0	0	0	0	0	0	0	0	0	0	0
2021-03-26	12699818	9486706	5799252	3687454	601582	457124	144458	2611500	2609417	2083	30	8865823	3833995	374012	285474	88538	8865823	3834025	0.10660302533786625	0.046100476427401345	0	0	0	0	0	0	0	0	0	0	0	0	0	0
2021-03-27	12981083	9636293	5889678	3746615	629201	481633	147568	2715558	2713417	2141	31	9084759	3896324	281265	218936	62329	9084759	3896355	0.10923552092855998	0.04684993494572606	0	0	0	0	0	0	0	0	0	0	0	0	0	0
2021-03-28	13177474	9751622	5955114	3796508	647704	496862	150842	2778117	2775925	2192	31	9227932	3949542	196391	143173	53218	9227932	3949573	0.11095703904895313	0.04748983039620264	0	0	0	0	0	0	0	0	0	0	0	0	0	0
2021-03-29	13483104	9940304	6062076	3878228	672701	515050	157651	2870068	2867812	2256	31	9444969	4038135	305630	217037	88593	9444969	4038166	0.11356670098448404	0.04855507632134208	0	0	0	0	0	0	0	0	0	0	0	0	0	0
2021-03-30	13811973	10158843	6194643	3964200	697126	533018	164108	2955973	2953656	2317	31	9681348	4130625	328869	236379	92490	9681348	4130656	0.11640893193431684	0.04966717993693414	0	0	0	0	0	0	0	0	0	0	0	0	0	0
2021-03-31	14148196	10406324	6348669	4057655	733169	561093	172076	3008672	3006319	2353	31	9916112	4232084	336223	234764	101459	9916112	4232115	0.11923174405682581	0.050887127182413165	0	0	0	0	0	0	0	0	0	0	0	0	0	0
2021-04-01	14474886	10645245	6504774	4140471	765616	585648	179968	3063994	3061599	2395	31	10152052	4322834	326690	235940	90750	10152052	4322865	0.1220686964523582	0.05197830896547057	0	0	0	0	0	0	0	0	0	0	0	0	0	0
2021-04-02	14700601	10824775	6620689	4204086	780000	595691	184309	3095795	3093374	2421	31	10309785	4390816	225715	157733	67982	10309785	4390847	0.123965284619708	0.052795727367407855	0	0	0	0	0	0	0	0	0	0	0	0	0	0
2021-04-03	14932533	10998983	6735368	4263615	795793	606638	189155	3137726	3135267	2459	31	10477304	4455229	231932	167519	64413	10477304	4455260	0.1259795400590027	0.05357023196456573	0	0	0	0	0	0	0	0	0	0	0	0	0	0
2021-04-04	15125479	11131186	6821148	4310038	805855	612811	193044	3188407	3185905	2502	31	10619895	4505584	192946	142591	50355	10619895	4505615	0.12769406018713425	0.05417570258369361	0	0	0	0	0	0	0	0	0	0	0	0	0	0
2021-04-05	15373350	11296196	6920749	4375447	823715	625891	197824	3253408	3250874	2534	31	10797545	4575805	247871	177650	70221	10797545	4575836	0.12983013119275572	0.055020042814967154	0	0	0	0	0	0	0	0	0	0	0	0	0	0
2021-04-06	15747092	11551143	7089725	4461418	855902	649386	206516	3340014	3337412	2602	33	11076556	4670536	373742	279011	94731	11076556	4670569	0.13318497108777091	0.05615911635606222	0	0	0	0	0	0	0	0	0	0	0	0	0	0
2021-04-07	16415089	12093341	7544214	4549127	892943	677825	215118	3428772	3426087	2685	33	11648159	4766930	667997	571603	96394	11648159	4766963	0.14005794938794683	0.0573181618303987	0	0	0	0	0	0	0	0	0	0	0	0	0	0
2021-04-08	17113911	12664821	8037045	4627776	928576	704484	224092	3520481	3517716	2765	33	12259278	4854633	698822	611119	87703	12259278	4854666	0.14740606971940973	0.05837270635843709	0	0	0	0	0	0	0	0	0	0	0	0	0	0
2021-04-09	17746036	13155215	8450009	4705206	965168	729640	235528	3625620	3622772	2848	33	12802454	4943582	632125	543176	88949	12802454	4943615	0.15393724058656114	0.05944223284241696	0	0	0	0	0	0	0	0	0	0	0	0	0	0
2021-04-10	18118561	13403647	8641165	4762482	988391	745183	243208	3726490	3723579	2911	33	13109960	5008601	372525	307506	65019	13109960	5008634	0.1576347055494355	0.060224024008836904	0	0	0	0	0	0	0	0	0	0	0	0	0	0
2021-04-11	18382470	13574009	8765231	4808778	1007057	759904	247153	3801371	3798384	2987	33	13323552	5058918	263909	213592	50317	13323552	5058951	0.16020294466135615	0.060829037714380696	0	0	0	0	0	0	0	0	0	0	0	0	0	0
2021-04-12	18801019	13852882	8976260	4876622	1036289	780666	255623	3911814	3908774	3040	34	13665734	5135285	418549	342182	76367	13665734	5135319	0.1643173552937545	0.061747289729901664	0	0	0	0	0	0	0	0	0	0	0	0	0	0
2021-04-13	19377806	14285001	9340324	4944677	1063611	802546	261065	4029160	4025926	3234	34	14168830	5208976	576787	503096	73691	14168830	5209010	0.17036660257010766	0.06263335338582765	0	0	0	0	0	0	0	0	0	0	0	0	0	0
2021-04-14	20152600	14901281	9882461	5018820	1097156	827587	269569	4154129	4150337	3792	34	14860419	5292181	774794	691589	83205	14860419	5292215	0.17868229753608988	0.0636338137743598	0	0	0	0	0	0	0	0	0	0	0	0	0	0
2021-04-15	20832766	15435346	10355774	5079572	1133248	855066	278182	4264137	4259401	4736	35	15470276	5362490	680166	609857	70309	15470276	5362525	0.18601524352694435	0.06447922414534345	0	0	0	0	0	0	0	0	0	0	0	0	0	0
2021-04-16	21429244	15873517	10728985	5144532	1165722	879110	286612	4389970	4384429	5541	35	15992559	5436685	596478	522283	74195	15992559	5436720	0.19229519609113796	0.06537134791827946	0	0	0	0	0	0	0	0	0	0	0	0	0	0
2021-04-17	21795274	16098396	10905867	5192529	1188407	894658	293749	4508436	4501414	7022	35	16301974	5493300	366030	309415	56615	16301974	5493335	0.19601561494959202	0.06605208903836536	0	0	0	0	0	0	0	0	0	0	0	0	0	0
2021-04-18	22064815	16270455	11043986	5226469	1203796	906149	297647	4590529	4582341	8188	35	16532511	5532304	269541	230537	39004	16532511	5532339	0.19878760144789182	0.06652107476030884	0	0	0	0	0	0	0	0	0	0	0	0	0	0
2021-04-19	22467010	16564198	11285555	5278643	1236730	931159	305571	4666046	4656539	9507	36	16873289	5593721	402195	340778	61417	16873289	5593757	0.2028851303257622	0.0672595673526154	0	0	0	0	0	0	0	0	0	0	0	0	0	0
2021-04-20	23027724	16946076	11613409	5332667	1275974	963739	312235	4805637	4794049	11588	37	17371234	5656490	560714	497945	62769	17371234	5656527	0.20887244176338776	0.06801431644928221	0	0	0	0	0	0	0	0	0	0	0	0	0	0
2021-04-21	23748829	17400389	12005141	5395248	1317687	997320	320367	5030716	5016679	14037	37	18019177	5729652	721105	647943	73162	18019177	5729689	0.2166633354059174	0.068894019387156	0	0	0	0	0	0	0	0	0	0	0	0	0	0
2021-04-22	24387425	17782155	12330992	5451163	1361361	1033315	328046	5243872	5226214	17658	37	18590558	5796867	638596	571381	67215	18590558	5796904	0.22353364436883888	0.06970221534911968	0	0	0	0	0	0	0	0	0	0	0	0	0	0
2021-04-23	24943821	18135442	12629423	5506019	1404952	1066384	338568	5403390	5382180	21210	37	19078024	5865797	556396	487466	68930	19078024	5865834	0.22939495587363073	0.07053103254257584	0	0	0	0	0	0	0	0	0	0	0	0	0	0
2021-04-24	25309408	18370425	12823185	5547240	1454286	1100348	353938	5484660	5461098	23562	37	19384668	5924740	365587	306644	58943	19384668	5924777	0.2330820561125713	0.0712397656317081	0	0	0	0	0	0	0	0	0	0	0	0	0	0
2021-04-25	25592384	18558208	12973570	5584638	1487958	1124160	363798	5546181	5520833	25348	37	19618600	5973784	282976	233932	49044	19618600	5973821	0.23589486423239703	0.07182947273218487	0	0	0	0	0	0	0	0	0	0	0	0	0	0
2021-04-26	26025371	18876035	13229875	5646160	1530457	1158260	372197	5618772	5589424	29348	107	19977666	6047705	432987	359066	73921	19977666	6047812	0.24021228878463163	0.07271914360061683	0	0	0	0	0	0	0	0	0	0	0	0	0	0
2021-04-27	26810733	19552666	13828663	5724003	1581957	1200632	381325	5675450	5641624	33826	660	20671579	6139154	785362	693913	91449	20671579	6139814	0.2485559276234935	0.07382537948386585	0	0	0	0	0	0	0	0	0	0	0	0	0	0
2021-04-28	27933962	20560818	14728243	5832575	1642682	1248816	393866	5728970	5690034	38936	1492	21668585	6265377	1123229	997006	126223	21668585	6266869	0.2605439693292669	0.07535309410035465	0	0	0	0	0	0	0	0	0	0	0	0	0	0
2021-04-29	28880251	21385126	15440283	5944843	1706607	1300347	406260	5786117	5739283	46834	2401	22482314	6397937	946289	813729	132560	22482314	6400338	0.27032828074684834	0.0769579309202212	0	0	0	0	0	0	0	0	0	0	0	0	0	0
2021-04-30	29684006	22063428	16007032	6056396	1763895	1342379	421516	5853407	5797189	56218	3276	23149876	6534130	803755	667562	136193	23149876	6537406	0.27835507406322707	0.07860604226611775	0	0	0	0	0	0	0	0	0	0	0	0	0	0
2021-05-01	30020295	22316265	16198631	6117634	1805385	1377465	427920	5892796	5830562	62234	5849	23412507	6607788	336289	262631	73658	23412507	6613637	0.28151296015541605	0.07952264698792766	0	0	0	0	0	0	0	0	0	0	0	0	0	0
2021-05-02	30285286	22511837	16338472	6173365	1842897	1409723	433174	5922897	5856087	66810	7655	23611937	6673349	264991	199430	65561	23611937	6681004	0.2839109147889713	0.08033267060422769	0	0	0	0	0	0	0	0	0	0	0	0	0	0
2021-05-03	30736948	22829680	16565323	6264357	1913470	1467088	446382	5984557	5907144	77413	9241	23948796	6788152	451662	336859	114803	23948796	6797393	0.28796132144747194	0.0817321367920874	0	0	0	0	0	0	0	0	0	0	0	0	0	0
2021-05-04	31579868	23455936	17059789	6396147	1976938	1517310	459628	6134793	6043678	91115	12201	24632978	6946890	842920	684182	158738	24632978	6959091	0.29618795433668166	0.08367640028472449	0	0	0	0	0	0	0	0	0	0	0	0	0	0
2021-05-05	32727080	24307288	17725637	6581651	2055857	1570736	485121	6347263	6239257	108006	16672	25552302	7174778	1147212	919324	227888	25552302	7191450	0.3072419444361579	0.08647029458697723	0	0	0	0	0	0	0	0	0	0	0	0	0	0
2021-05-06	33718080	25000074	18241147	6758927	2147971	1640411	507560	6548813	6421351	127462	21222	26324131	7393949	991000	771829	219171	26324131	7415171	0.31652244850707156	0.08916032521714126	0	0	0	0	0	0	0	0	0	0	0	0	0	0
2021-05-07	34609171	25587858	18654919	6932939	2234633	1696105	538528	6761256	6604524	156732	25424	26980972	7628199	891091	656841	234250	26980972	7653623	0.3244203320725284	0.09202748200539035	0	0	0	0	0	0	0	0	0	0	0	0	0	0
2021-05-08	35034969	25855550	18809709	7045841	2306405	1748049	558356	6845873	6669525	176348	27141	27254424	7780545	425798	273452	152346	27254424	7807686	0.3277083303198079	0.09387994193975038	0	0	0	0	0	0	0	0	0	0	0	0	0	0
2021-05-09	35321145	26049440	18924342	7125098	2362961	1793812	569149	6880537	6692773	187764	28207	27439134	7882011	286176	184710	101466	27439134	7910218	0.3299292910597366	0.09511279098195911	0	0	0	0	0	0	0	0	0	0	0	0	0	0
2021-05-10	35910376	26422511	19155644	7266867	2444749	1853422	591327	7011182	6797600	213582	31934	27838600	8071776	589231	399466	189765	27838600	8103710	0.3347324868961092	0.09743934685597944	0	0	0	0	0	0	0	0	0	0	0	0	0	0
2021-05-11	36996154	27248370	19748656	7499714	2524685	1911133	613552	7187524	6944820	242704	35575	28640184	8355970	1085778	801584	284194	28640184	8391545	0.34437076632740715	0.10090028689483704	0	0	0	0	0	0	0	0	0	0	0	0	0	0
2021-05-12	38412090	28341644	20545504	7796140	2616334	1972245	644089	7412785	7136124	276661	41327	29695200	8716890	1415936	1055016	360920	29695200	8758217	0.3570563226914192	0.1053091663081398	0	0	0	0	0	0	0	0	0	0	0	0	0	0
2021-05-13	38841254	28656917	20733010	7923907	2683065	2023767	659298	7457295	7165419	291876	43977	29966173	8875081	429164	270973	158191	29966173	8919058	0.3603145133393576	0.1072431251970515	0	0	0	0	0	0	0	0	0	0	0	0	0	0
2021-05-14	39597688	29202096	21097759	8104337	2747937	2073466	674471	7595886	7277062	318824	51769	30500056	9097632	756434	533883	222551	30500056	9149401	0.36673394478711563	0.11001277903126408	0	0	0	0	0	0	0	0	0	0	0	0	0	0
2021-05-15	39997979	29481279	21254565	8226714	2808317	2117421	690896	7652334	7310987	341347	56049	30739022	9258957	400291	238966	161325	30739022	9315006	0.3696072819327916	0.11200402045477066	0	0	0	0	0	0	0	0	0	0	0	0	0	0
2021-05-16	40280107	29681032	21360944	8320088	2861043	2160265	700778	7677260	7322300	354960	60772	30904281	9375826	282128	165259	116869	30904281	9436598	0.37159436303787463	0.11346604773152566	0	0	0	0	0	0	0	0	0	0	0	0	0	0
2021-05-17	40835230	30019259	21553826	8465433	2946684	2221493	725191	7798759	7417455	381304	70528	31263302	9571928	555123	359021	196102	31263302	9642456	0.3759112465082333	0.11594129290504226	0	0	0	0	0	0	0	0	0	0	0	0	0	0
2021-05-18	41707077	30608733	21853196	8755537	3047759	2293994	753765	7972286	7562938	409348	78299	31788427	9918650	871847	525125	346722	31788427	9996949	0.3822253713989002	0.12020373151464413	0	0	0	0	0	0	0	0	0	0	0	0	0	0
2021-05-19	42804917	31412850	22197181	9215669	3147845	2360220	787625	8153768	7716460	437308	90454	32364315	10440602	1097840	575888	521952	32364315	10531056	0.3891498727177031	0.1266258563477399	0	0	0	0	0	0	0	0	0	0	0	0	0	0
2021-05-20	43752347	32096390	22458104	9638286	3244280	2425715	818565	8310386	7845616	464770	101291	32830726	10921621	947430	466411	481019	32830726	11022912	0.394758018024784	0.13253995339553587	0	0	0	0	0	0	0	0	0	0	0	0	0	0
2021-05-21	44603418	32692502	22680610	10011892	3329957	2482079	847878	8467790	7972744	495046	113169	33248602	11354816	851071	417876	433195	33248602	11467985	0.39978257646860654	0.1378915297011084	0	0	0	0	0	0	0	0	0	0	0	0	0	0
2021-05-22	45077298	32998756	22779169	10219587	3399466	2530388	869078	8551628	8040878	510750	127448	33477883	11599415	473880	229281	244599	33477883	11726863	0.402539460770548	0.14100428956484765	0	0	0	0	0	0	0	0	0	0	0	0	0	0
2021-05-23	45362362	33191664	22844831	10346833	3458853	2574687	884166	8575533	8055678	519855	136312	33611508	11750854	285064	133625	151439	33611508	11887166	0.4041461733409176	0.14293177951933195	0	0	0	0	0	0	0	0	0	0	0	0	0	0
2021-05-24	45688265	33427351	22927435	10499916	3520379	2621216	899163	8596185	8067658	528527	144350	33760659	11927606	325903	149151	176752	33760659	12071956	0.40593957118251317	0.14515370218259563	0	0	0	0	0	0	0	0	0	0	0	0	0	0
2021-05-25	46343765	33873895	23069105	10804790	3600127	2672652	927475	8700236	8146643	553593	169507	34057907	12285858	655500	297248	358252	34057907	12455365	0.40951369352576655	0.14976382798160673	0	0	0	0	0	0	0	0	0	0	0	0	0	0
2021-05-26	47523537	34758941	23383923	11375018	3682476	2725233	957243	8834342	8248773	585569	247778	34605707	12917830	1179772	547800	631972	34605707	13165608	0.41610046356167674	0.1583038194212105	0	0	0	0	0	0	0	0	0	0	0	0	0	0
2021-05-27	48564385	35498093	23641795	11856298	3771406	2776858	994548	8965988	8343471	622517	328898	35091022	13473363	1040848	485315	555533	35091022	13802261	0.4219359113528008	0.16595896163309862	0	0	0	0	0	0	0	0	0	0	0	0	0	0
2021-05-28	49468337	36101605	23858630	12242975	3857555	2827384	1030171	9096525	8432492	664033	412652	35531158	13937179	903952	440136	463816	35531158	14349831	0.42722812496456664	0.17254296613942086	0	0	0	0	0	0	0	0	0	0	0	0	0	0
2021-05-29	49878516	36363431	23938475	12424956	3920145	2864237	1055908	9154497	8467531	686966	440443	35710686	14167830	410179	179528	230651	35710686	14608273	0.4293867771204755	0.17565048352098472	0	0	0	0	0	0	0	0	0	0	0	0	0	0
2021-05-30	50162063	36560580	23997689	12562891	3967156	2891591	1075565	9182852	8478698	704154	451475	35819453	14342610	283547	108767	174780	35819453	14794085	0.4306945960626001	0.1778846947548521	0	0	0	0	0	0	0	0	0	0	0	0	0	0
2021-05-31	50708827	36927784	24109451	12818333	4034584	2919275	1115309	9252509	8517638	734871	493950	36040314	14668513	546764	220861	325903	36040314	15162463	0.4333502379335405	0.18231408718327216	0	0	0	0	0	0	0	0	0	0	0	0	0	0
2021-06-01	51697307	37661351	24425650	13235701	4114386	2949028	1165358	9343065	8571780	771285	578505	36524963	15172344	988480	484649	503831	36524963	15750849	0.4391776777129013	0.18938886497507398	0	0	0	0	0	0	0	0	0	0	0	0	0	0
2021-06-02	52946033	38650359	24875068	13775291	4186959	2973500	1213459	9425361	8614754	810607	683354	37146676	15799357	1248726	621713	627013	37146676	16482711	0.44665318074199184	0.1981888041719	0	0	0	0	0	0	0	0	0	0	0	0	0	0
2021-06-03	53588812	39125381	25054903	14070478	4251265	3003207	1248058	9475611	8635617	839994	736555	37430282	16158530	642779	283606	359173	37430282	16895085	0.4500632711085569	0.20314720633836295	0	0	0	0	0	0	0	0	0	0	0	0	0	0
2021-06-04	54399902	39711092	25282985	14428107	4322509	3031913	1290596	9552530	8670113	882417	813771	37798782	16601120	811090	368500	442590	37798782	17414891	0.4544941304700627	0.2093973753512989	0	0	0	0	0	0	0	0	0	0	0	0	0	0
2021-06-05	54812766	39982189	25342113	14640076	4389483	3058209	1331274	9596712	8681034	915678	844382	37925738	16887028	412864	126956	285908	37925738	17731410	0.45602065470642456	0.21320321300189446	0	0	0	0	0	0	0	0	0	0	0	0	0	0
2021-06-06	55104974	40187911	25386068	14801843	4430479	3070183	1360296	9623961	8684578	939383	862623	38003452	17101522	292208	77714	214494	38003452	17964145	0.4569550910820557	0.21600162834382136	0	0	0	0	0	0	0	0	0	0	0	0	0	0
2021-06-07	55719240	40590075	25520490	15069585	4515542	3097751	1417791	9696518	8715740	980778	917105	38251086	17468154	614266	247634	366632	38251086	18385259	0.45993265262107097	0.22106512063462508	0	0	0	0	0	0	0	0	0	0	0	0	0	0
2021-06-08	56773170	41437312	25803890	15633422	4590919	3123988	1466931	9759486	8748044	1011442	985453	38661375	18111795	1053930	410289	643641	38661375	19097248	0.4648659846606174	0.2296261060510136	0	0	0	0	0	0	0	0	0	0	0	0	0	0
2021-06-09	58197221	42614298	26192380	16421918	4678161	3152401	1525760	9823531	8780460	1043071	1081231	39206472	18990749	1424051	545097	878954	39206472	20071980	0.4714202537118487	0.24134632425226002	0	0	0	0	0	0	0	0	0	0	0	0	0	0
2021-06-10	59389262	43572273	26538823	17033450	4767969	3184434	1583535	9879344	8807378	1071966	1169676	39700311	19688951	1192041	493839	698202	39700311	20858627	0.47735819443430916	0.25080500057288546	0	0	0	0	0	0	0	0	0	0	0	0	0	0
2021-06-11	60452428	44380468	26845882	17534586	4857012	3212651	1644361	9948497	8836997	1111500	1266451	40161981	20290447	1063166	461670	601496	40161981	21556898	0.4829093337597539	0.25920104018541745	0	0	0	0	0	0	0	0	0	0	0	0	0	0
2021-06-12	60888060	44665510	26938064	17727446	4928929	3231375	1697554	9991933	8850140	1141793	1301688	40321267	20566793	435632	159286	276346	40321267	21868481	0.48482459526384303	0.26294752716624803	0	0	0	0	0	0	0	0	0	0	0	0	0	0
2021-06-13	61171021	44845373	26982237	17863136	4992429	3247310	1745119	10017743	8854780	1162963	1315476	40399803	20771218	282961	78536	204425	40399803	22086694	0.4857689154017405	0.2655713293748024	0	0	0	0	0	0	0	0	0	0	0	0	0	0
2021-06-14	61826491	45276828	27155423	18121405	5093774	3270945	1822829	10085176	8872417	1212759	1370713	40669498	21156993	655470	269695	385775	40669498	22527706	0.4890117393244035	0.2708740760470857	0	0	0	0	0	0	0	0	0	0	0	0	0	0
2021-06-15	62873471	46075459	27454330	18621129	5198422	3299488	1898934	10169793	8892086	1277707	1429797	41075701	21797770	1046980	406203	640777	41075701	23227567	0.49389594112961854	0.2792892338858994	0	0	0	0	0	0	0	0	0	0	0	0	0	0
2021-06-16	64255743	47178220	27862693	19315527	5304955	3331891	1973064	10266484	8917648	1348836	1506084	41618316	22637427	1382272	542615	839657	41618316	24143511	0.5004203665093838	0.29030258272447496	0	0	0	0	0	0	0	0	0	0	0	0	0	0
2021-06-17	65403392	48061803	28210133	19851670	5408542	3361624	2046918	10358692	8939952	1418740	1574355	42086064	23317328	1147649	467748	679901	42086064	24891683	0.5060445879601996	0.2992986340412091	0	0	0	0	0	0	0	0	0	0	0	0	0	0
2021-06-18	66395889	48794675	28502207	20292468	5502985	3392903	2110082	10455030	8962036	1492994	1643199	42500345	23895544	992497	414281	578216	42500345	25538743	0.5110259199741589	0.3070789104549295	0	0	0	0	0	0	0	0	0	0	0	0	0	0
2021-06-19	66822940	49067559	28594351	20473208	5585060	3413885	2171175	10505980	8968582	1537398	1664341	42641159	24181781	427051	140814	286237	42641159	25846122	0.5127190733802134	0.3107748483645097	0	0	0	0	0	0	0	0	0	0	0	0	0	0
2021-06-20	67117998	49246364	28643572	20602792	5656654	3429915	2226739	10537826	8971200	1566626	1677154	42721841	24396157	295058	80682	214376	42721841	26073311	0.5136891971115702	0.3135065783712428	0	0	0	0	0	0	0	0	0	0	0	0	0	0
2021-06-21	67748847	49657707	28814039	20843668	5754331	3455007	2299324	10623306	8985195	1638111	1713503	42967744	24781103	630849	245903	384946	42967744	26494606	0.5166459450344261	0.31857224701359177	0	0	0	0	0	0	0	0	0	0	0	0	0	0
2021-06-22	68825214	50501320	29142307	21359013	5850367	3485734	2364633	10725875	9001430	1724445	1747652	43377123	25448091	1076367	409379	666988	43377123	27195743	0.5215683351960377	0.3270027475295975	0	0	0	0	0	0	0	0	0	0	0	0	0	0
2021-06-23	70159683	51589602	29579752	22009850	5946398	3515832	2430566	10841499	9022098	1819401	1782184	43899866	26259817	1334469	522743	811726	43899866	28042001	0.5278538188194072	0.3371781889992019	0	0	0	0	0	0	0	0	0	0	0	0	0	0
2021-06-24	71194452	52386011	30011817	22374194	6033739	3551234	2482505	10952219	9043347	1908872	1822483	44428881	26765571	1034769	529015	505754	44428881	28588054	0.5342147172322349	0.34374395303428557	0	0	0	0	0	0	0	0	0	0	0	0	0	0
2021-06-25	72114663	53079569	30345294	22734275	6110329	3578070	2532259	11062132	9063223	1998909	1862633	44849220	27265443	920211	420339	499872	44849220	29128076	0.5392688908907315	0.3502372000739575	0	0	0	0	0	0	0	0	0	0	0	0	0	0
2021-06-26	72524354	53334375	30450058	22884317	6179400	3603687	2575713	11134684	9069527	2065157	1875895	44999167	27525187	409691	149947	259744	44999167	29401082	0.5410718598695096	0.35351983559864475	0	0	0	0	0	0	0	0	0	0	0	0	0	0
2021-06-27	72816232	53507262	30517321	22989941	6237515	3623003	2614512	11191439	9072930	2118509	1880016	45093270	27722962	291878	94103	197775	45093270	29602978	0.5422033582643421	0.3559474415189991	0	0	0	0	0	0	0	0	0	0	0	0	0	0
2021-06-28	73445168	53908002	30715118	23192884	6327556	3655429	2672127	11305207	9086684	2218523	1904403	45361634	28083534	628936	268364	360572	45361634	29987937	0.5454301781875203	0.3605762045826244	0	0	0	0	0	0	0	0	0	0	0	0	0	0
2021-06-29	74377612	54592311	31059316	23532995	6420517	3688469	2732048	11437943	9098442	2339501	1926841	45773068	28604544	932444	411434	521010	45773068	30531385	0.5503772777547978	0.3671106459891146	0	0	0	0	0	0	0	0	0	0	0	0	0	0
2021-06-30	75400054	55361276	31461380	23899896	6514665	3723307	2791358	11574562	9112950	2461612	1949551	46247188	29152866	1022442	474120	548322	46247188	31102417	0.5560781163992405	0.37397675856148743	0	0	0	0	0	0	0	0	0	0	0	0	0	0
2021-07-01	76382406	56104633	31870081	24234552	6598195	3753911	2844284	11707372	9126487	2580885	1972206	46722685	29659721	982352	475497	506855	46722685	31631927	0.5617955121490857	0.38034360887495	0	0	0	0	0	0	0	0	0	0	0	0	0	0
2021-07-02	77229286	56755118	32209334	24545784	6693186	3785726	2907460	11786601	9135710	2650891	1994381	47125151	30104135	846880	402466	444414	47125151	32098516	0.566634780110518	0.38595389446145106	0	0	0	0	0	0	0	0	0	0	0	0	0	0
2021-07-03	77606826	57010957	32331274	24679683	6772529	3810380	2962149	11813747	9138517	2675230	2009593	47289764	30317062	377540	164613	212927	47289764	32326655	0.5686140936846715	0.3886970473077864	0	0	0	0	0	0	0	0	0	0	0	0	0	0
2021-07-04	77880158	57192686	32404492	24788194	6840684	3828856	3011828	11828278	9139974	2688304	2018510	47391832	30488326	273332	102068	171264	47391832	32506836	0.5698413635715377	0.3908635511629166	0	0	0	0	0	0	0	0	0	0	0	0	0	0
2021-07-05	78416797	57580356	32570801	25009555	6935227	3855131	3080096	11867850	9144352	2723498	2033364	47603648	30813149	536639	211816	324823	47603648	32846513	0.5723882479854229	0.3949478415708901	0	0	0	0	0	0	0	0	0	0	0	0	0	0
2021-07-06	79195332	58198560	32811756	25386804	7034545	3880510	3154035	11913168	9148980	2764188	2049059	47890305	31305027	778535	286657	491878	47890305	33354086	0.5758350237031737	0.4010509204818741	0	0	0	0	0	0	0	0	0	0	0	0	0	0
2021-07-07	80191685	59028549	33106074	25922475	7130529	3905228	3225301	11964480	9154392	2810088	2068127	48233821	31957864	996353	343516	652837	48233821	34025991	0.5799654744071819	0.4091299342112976	0	0	0	0	0	0	0	0	0	0	0	0	0	0
2021-07-08	81039885	59713158	33342875	26370283	7232056	3927779	3304277	12007112	9158679	2848433	2087559	48516892	32522993	848200	283071	565129	48516892	34610552	0.5833691319114447	0.41615872004364823	0	0	0	0	0	0	0	0	0	0	0	0	0	0
2021-07-09	81797995	60308471	33540579	26767892	7330996	3945751	3385245	12050317	9163122	2887195	2108211	48757663	33040332	758110	240771	517339	48757663	35148543	0.586264172452365	0.4226275462546547	0	0	0	0	0	0	0	0	0	0	0	0	0	0
2021-07-10	82141660	60536980	33616949	26920031	7415254	3963976	3451278	12071435	9164566	2906869	2117991	48863482	33278178	343665	105819	237846	48863482	35396169	0.5875365445195975	0.4256050116013365	0	0	0	0	0	0	0	0	0	0	0	0	0	0
2021-07-11	82369751	60682876	33662914	27019962	7478866	3978848	3500018	12081725	9165037	2916688	2126284	48933083	33436668	228091	69601	158490	48933083	35562952	0.5883734298450254	0.42761041734594984	0	0	0	0	0	0	0	0	0	0	0	0	0	0
2021-07-12	82837843	61033327	33783378	27249949	7558369	4007846	3550523	12105759	9166909	2938850	2140388	49098521	33739322	468092	165438	302654	49098521	35879710	0.5903626632535703	0.43141912874250854	0	0	0	0	0	0	0	0	0	0	0	0	0	0
2021-07-13	83599379	61662440	33935407	27727033	7636256	4033878	3602378	12140372	9169172	2971200	2160311	49298768	34300611	761536	200247	561289	49298768	36460922	0.5927704415291835	0.4384076460592508	0	0	0	0	0	0	0	0	0	0	0	0	0	0
2021-07-14	84574532	62495433	34113852	28381581	7708347	4055150	3653197	12187514	9172841	3014673	2183238	49525081	35049451	975153	226313	748840	49525081	37232689	0.5954916384753991	0.4476874046395799	0	0	0	0	0	0	0	0	0	0	0	0	0	0
2021-07-15	85341425	63130030	34262850	28867180	7779500	4074396	3705104	12226080	9175718	3050362	2205815	49718779	35622646	766893	193698	573195	49718779	37828461	0.5978206713020069	0.45485099200327883	0	0	0	0	0	0	0	0	0	0	0	0	0	0
2021-07-16	86001424	63671377	34395437	29275940	7843980	4091679	3752301	12258044	9177641	3080403	2228023	49892780	36108644	659999	174001	485998	49892780	38336667	0.599912866579514	0.46096168213265043	0	0	0	0	0	0	0	0	0	0	0	0	0	0
2021-07-17	86273123	63845620	34449934	29395686	7907206	4107427	3799779	12273697	9178527	3095170	2246600	49982488	36290635	271699	89708	181991	49982488	38537235	0.600991519311134	0.46337332012564497	0	0	0	0	0	0	0	0	0	0	0	0	0	0
2021-07-18	86473091	63981315	34500101	29481214	7948775	4116729	3832046	12285153	9178804	3106349	2257848	50053482	36419609	199968	70994	128974	50053482	38677457	0.6018451541266313	0.46505935529902104	0	0	0	0	0	0	0	0	0	0	0	0	0	0
2021-07-19	86853922	64277592	34577579	29700013	7999306	4129679	3869627	12304936	9180136	3124800	2272088	50159482	36694440	380831	106000	274831	50159482	38966528	0.603119702545409	0.46853515705340326	0	0	0	0	0	0	0	0	0	0	0	0	0	0
2021-07-20	87459699	64798714	34685923	30112791	8047715	4145361	3902354	12326866	9182664	3144202	2286404	50300352	37159347	605777	140870	464907	50300352	39445751	0.604813529297798	0.4742973543825726	0	0	0	0	0	0	0	0	0	0	0	0	0	0
2021-07-21	88213796	65470083	34826581	30643502	8093775	4158328	3935447	12349652	9184260	3165392	2300286	50469455	37744341	754097	169103	584994	50469455	40044627	0.6068468308191243	0.4814982643716667	0	0	0	0	0	0	0	0	0	0	0	0	0	0
2021-07-22	88834140	66014563	34936641	31077922	8137213	4168429	3968784	12368498	9185653	3182845	2313866	50604589	38229551	620344	135134	485210	50604589	40543417	0.608471687668399	0.4874957361245174	0	0	0	0	0	0	0	0	0	0	0	0	0	0
2021-07-23	89402889	66504256	35039039	31465217	8179534	4178424	4001110	12387051	9186993	3200058	2332048	50736504	38666385	568749	131915	436834	50736504	40998433	0.6100578391274846	0.49296686747657964	0	0	0	0	0	0	0	0	0	0	0	0	0	0
2021-07-24	89613548	66657846	35083730	31574116	8217019	4185718	4031301	12394793	9187757	3207036	2343890	50801095	38812453	210659	64591	146068	50801095	41156343	0.6108344840040626	0.49486558389930796	0	0	0	0	0	0	0	0	0	0	0	0	0	0
2021-07-25	89737889	66741706	35109419	31632287	8248474	4191990	4056484	12398069	9187874	3210195	2349640	50838923	38898966	124341	37828	86513	50838923	41248606	0.6112893294529826	0.4959749580574372	0	0	0	0	0	0	0	0	0	0	0	0	0	0
2021-07-26	90074814	67015437	35170309	31845128	8288260	4201554	4086706	12410400	9189029	3221371	2360717	50921609	39153205	336925	82686	254239	50921609	41513922	0.6122835493638795	0.49916512870155466	0	0	0	0	0	0	0	0	0	0	0	0	0	0
2021-07-27	90623846	67489573	35258315	32231258	8330406	4210228	4120178	12430282	9190342	3239940	2373585	51032470	39591376	549032	110861	438171	51032470	41964961	0.6136165466492958	0.5045884404398293	0	0	0	0	0	0	0	0	0	0	0	0	0	0
2021-07-28	91309135	68090925	35369323	32721602	8377279	4219679	4157600	12453618	9191576	3262042	2387313	51167891	40141244	685289	135421	549868	51167891	42528557	0.6152448543985345	0.5113651422382207	0	0	0	0	0	0	0	0	0	0	0	0	0	0
2021-07-29	91884009	68587843	35463935	33123908	8420737	4228877	4191860	12473403	9192792	3280611	2402026	51287630	40596379	574874	119739	455135	51287630	42998405	0.6166846011260443	0.5170146141765785	0	0	0	0	0	0	0	0	0	0	0	0	0	0
2021-07-30	92378901	69004223	35547969	33456254	8465992	4237877	4228115	12490566	9193862	3296704	2418120	51397828	40981073	494892	110198	384694	51397828	43399193	0.6180096264718223	0.5218337057960606	0	0	0	0	0	0	0	0	0	0	0	0	0	0
2021-07-31	92573462	69144429	35588699	33555730	8501844	4244116	4257728	12496584	9194017	3302567	2430605	51457437	41116025	194561	59609	134952	51457437	43546630	0.6187263675727179	0.5236064944302053	0	0	0	0	0	0	0	0	0	0	0	0	0	0
2021-08-01	92690097	69227809	35614854	33612955	8526910	4248292	4278618	12498900	9194099	3304801	2436478	51493723	41196374	116635	36286	80349	51493723	43632852	0.6191626719493573	0.5246432313525059	0	0	0	0	0	0	0	0	0	0	0	0	0	0
2021-08-02	92981614	69465558	35667532	33798026	8560298	4253423	4306875	12508025	9194671	3313354	2447733	51563359	41418255	291517	69636	221881	51563359	43865988	0.6199999781162441	0.5274464683351492	0	0	0	0	0	0	0	0	0	0	0	0	0	0
2021-08-03	93440334	69860837	35738450	34122387	8598624	4258312	4340312	12519960	9195397	3324563	2460913	51653072	41787262	458720	89713	369007	51653072	44248175	0.6210786909680726	0.5320419007552193	0	0	0	0	0	0	0	0	0	0	0	0	0	0
2021-08-04	94008021	70368188	35828666	34539522	8634916	4263974	4370942	12531218	9195896	3335322	2473699	51762235	42245786	567687	109163	458524	51762235	44719485	0.622391271430705	0.5377089518425227	0	0	0	0	0	0	0	0	0	0	0	0	0	0
2021-08-05	94521782	70819985	35908110	34911875	8674592	4269208	4405384	12539159	9196502	3342657	2488046	51861866	42659916	513761	99631	414130	51861866	45147962	0.623589238727981	0.5428609771522647	0	0	0	0	0	0	0	0	0	0	0	0	0	0
2021-08-06	94959471	71199384	35982710	35216674	8710417	4274939	4435478	12546460	9196932	3349528	2503210	51957791	43001680	437689	95925	341764	51957791	45504890	0.6247426449267665	0.5471526943033734	0	0	0	0	0	0	0	0	0	0	0	0	0	0
2021-08-07	95143275	71336911	36018674	35318237	8742248	4279635	4462613	12548003	9197012	3350991	2516113	52011434	43131841	183804	53643	130161	52011434	45647954	0.6253876505949598	0.5488729018032227	0	0	0	0	0	0	0	0	0	0	0	0	0	0
2021-08-08	95259133	71426107	36039224	35386883	8763999	4282390	4481609	12548923	9197054	3351869	2520104	52038772	43220361	115858	27338	88520	52038772	45740465	0.6257163638465876	0.5499852579236901	0	0	0	0	0	0	0	0	0	0	0	0	0	0
2021-08-09	95551207	71662451	36085482	35576969	8805442	4286882	4518560	12554250	9197361	3356889	2529064	52098789	43452418	292074	60017	232057	52098789	45981482	0.6264380107564913	0.5528832563788654	0	0	0	0	0	0	0	0	0	0	0	0	0	0
2021-08-10	95977186	72026701	36153888	35872813	8848064	4291871	4556193	12562114	9197927	3364187	2540307	52183993	43793193	425979	85204	340775	52183993	46333500	0.6274625072043549	0.5571159354852929	0	0	0	0	0	0	0	0	0	0	0	0	0	0
2021-08-11	96514778	72491939	36249026	36242913	8895052	4299608	4595444	12571804	9198598	3373206	2555983	52303215	44211563	537592	119222	418370	52303215	46767546	0.6288960375023127	0.5623349226831875	0	0	0	0	0	0	0	0	0	0	0	0	0	0
2021-08-12	96981954	72895239	36340771	36554468	8933319	4306324	4626995	12578783	9199107	3379676	2574613	52420815	44561139	467176	117600	349576	52420815	47135752	0.6303100648046548	0.5667622469764375	0	0	0	0	0	0	0	0	0	0	0	0	0	0
2021-08-13	97401432	73247695	36427438	36820257	8974422	4313495	4660927	12585307	9199595	3385712	2594008	52534536	44866896	419478	113721	305757	52534536	47460904	0.6316774508492947	0.5706718881789133	0	0	0	0	0	0	0	0	0	0	0	0	0	0
2021-08-14	97594253	73392220	36472844	36919376	9006155	4318371	4687784	12586678	9199666	3387012	2609200	52600081	44994172	192821	65545	127276	52600081	47603372	0.6324655666616418	0.5723849293499175	0	0	0	0	0	0	0	0	0	0	0	0	0	0
2021-08-15	97711838	73480625	36499947	36980678	9027244	4321679	4705565	12587363	9199690	3387673	2616606	52637922	45073916	117585	37841	79744	52637922	47690522	0.6329205684231038	0.5734328245829031	0	0	0	0	0	0	0	0	0	0	0	0	0	0
2021-08-16	97974321	73693686	36561541	37132145	9060260	4327873	4732387	12590197	9199962	3390235	2630178	52719554	45254767	262483	81632	180851	52719554	47884945	0.6339021149940629	0.5757705748397337	0	0	0	0	0	0	0	0	0	0	0	0	0	0
2021-08-17	98330575	73999769	36652774	37346995	9089608	4332786	4756822	12595943	9200558	3395385	2645255	52831373	45499202	356254	111819	244435	52831373	48144457	0.635246631311415	0.5788909579459022	0	0	0	0	0	0	0	0	0	0	0	0	0	0
2021-08-18	98747195	74362686	36762862	37599824	9119492	4338561	4780931	12601981	9200950	3401031	2663036	52965409	45781786	416620	134036	282584	52965409	48444822	0.6368582857629178	0.5825025592270927	0	0	0	0	0	0	0	0	0	0	0	0	0	0
2021-08-19	99069509	74638815	36855778	37783037	9144634	4343371	4801263	12606487	9201517	3404970	2679573	53080239	45989270	322314	114830	207484	53080239	48668843	0.6382390064697882	0.5851961970697627	0	0	0	0	0	0	0	0	0	0	0	0	0	0
2021-08-20	99394081	74916913	36953643	37963270	9167612	4348543	4819069	12611585	9202142	3409443	2697971	53202299	46191782	324572	122060	202512	53202299	48889753	0.6397066609980524	0.5878524281187457	0	0	0	0	0	0	0	0	0	0	0	0	0	0
2021-08-21	99538926	75029475	37002867	38026608	9187969	4352524	4835445	12612294	9202199	3410095	2709188	53266778	46272148	144845	64479	80366	53266778	48981336	0.6404819591819616	0.5889536259285281	0	0	0	0	0	0	0	0	0	0	0	0	0	0
2021-08-22	99626416	75096930	37031508	38065422	9202949	4354735	4848214	12612561	9202226	3410335	2713976	53302445	46323971	87490	35667	51823	53302445	49037947	0.6409108206767969	0.5896343189524472	0	0	0	0	0	0	0	0	0	0	0	0	0	0